{
  "cells": [
    {
      "cell_type": "code",
      "execution_count": 5,
      "metadata": {
        "id": "L7gLNu7SsWZJ"
      },
      "outputs": [],
      "source": [
        "from ortools.sat.python import cp_model\n",
        "import numpy as np\n",
        "import networkx as nx\n",
        "import itertools as it\n",
        "import random"
      ]
    },
    {
      "cell_type": "markdown",
      "metadata": {},
      "source": [
        "Data generation"
      ]
    },
    {
      "cell_type": "code",
      "execution_count": 6,
      "metadata": {
        "id": "p0h9-6EWsSUF"
      },
      "outputs": [],
      "source": [
        "def distance_2d(point_1, point_2):\n",
        "    return ((point_1[0] - point_2[0])**2 + (point_1[1] - point_2[1])**2)**(1/2)\n",
        "\n",
        "\n",
        "def generate_data_tsp(num_of_nodes, area=(0, 10000), is_complete=True):\n",
        "    distr_by_x = np.random.uniform(*area, num_of_nodes)\n",
        "    distr_by_y = np.random.uniform(*area, num_of_nodes)\n",
        "    points = [(i, j) for i, j in zip(distr_by_x, distr_by_y)]\n",
        "\n",
        "    distance_matrix = [[distance_2d(points[i], points[j]) for j in range(0, num_of_nodes)] for i in range(0, num_of_nodes)]\n",
        "\n",
        "    if not is_complete:\n",
        "        for i in range(0, num_of_nodes):\n",
        "            to_remove = list(np.random.randint(0, num_of_nodes - 1, num_of_nodes//random.randint(8, 10)))\n",
        "            while to_remove:\n",
        "                curr = int(random.randint(0, num_of_nodes - 1))\n",
        "                if curr != i:\n",
        "                    distance_matrix[i][curr] = area[1] * 10000\n",
        "                    to_remove.pop(0)\n",
        "    return distance_matrix"
      ]
    },
    {
      "cell_type": "markdown",
      "metadata": {},
      "source": [
        "Greedy and exact solvers"
      ]
    },
    {
      "cell_type": "code",
      "execution_count": 8,
      "metadata": {
        "colab": {
          "base_uri": "https://localhost:8080/"
        },
        "id": "TY_3TM39TvxA",
        "outputId": "3175f167-db4e-4bbe-f608-ec0261c730b4"
      },
      "outputs": [
        {
          "name": "stdout",
          "output_type": "stream",
          "text": [
            "[np.float64(0.0), np.float64(4563.773360797299), np.float64(4306.064334544671), np.float64(3142.5375563461776), np.float64(6100.205264466974), np.float64(2438.6792706592064), np.float64(7128.63481299334), np.float64(2317.0545331444837), np.float64(5819.814598389157), np.float64(2489.3492244120157)]\n",
            "[np.float64(4563.773360797299), np.float64(0.0), np.float64(8289.38977980162), np.float64(4544.888606856384), np.float64(8836.50823101008), np.float64(6708.425343108844), np.float64(10543.23673677619), np.float64(3039.5263913613726), np.float64(9868.788008069867), np.float64(6095.306273789904)]\n",
            "[np.float64(4306.064334544671), np.float64(8289.38977980162), np.float64(0.0), np.float64(4316.3697409545775), np.float64(3004.5490891911104), np.float64(4434.938610090705), np.float64(3012.461264113136), np.float64(6617.3607757073305), np.float64(1580.2210114090758), np.float64(2199.3468336841192)]\n",
            "[np.float64(3142.5375563461776), np.float64(4544.888606856384), np.float64(4316.3697409545775), np.float64(0.0), np.float64(4291.722134751854), np.float64(5334.701485820557), np.float64(6073.1611740040735), np.float64(4393.6964642220455), np.float64(5801.650543911371), np.float64(2323.171218876107)]\n",
            "[np.float64(6100.205264466974), np.float64(8836.50823101008), np.float64(3004.5490891911104), np.float64(4291.722134751854), np.float64(0.0), np.float64(7093.733574835694), np.float64(2133.396197904743), np.float64(8154.778510070111), np.float64(3335.3941384615473), np.float64(3629.2793430888873)]\n",
            "[np.float64(2438.6792706592064), np.float64(6708.425343108844), np.float64(4434.938610090705), np.float64(5334.701485820557), np.float64(7093.733574835694), np.float64(0.0), np.float64(7438.304119470643), np.float64(3854.9357797179623), np.float64(5552.352571513188), np.float64(3735.0130606168027)]\n",
            "[np.float64(7128.63481299334), np.float64(10543.23673677619), np.float64(3012.461264113136), np.float64(6073.1611740040735), np.float64(2133.396197904743), np.float64(7438.304119470643), np.float64(0.0), np.float64(9378.446645191972), np.float64(2228.234696607059), np.float64(4708.078096231928)]\n",
            "[np.float64(2317.0545331444837), np.float64(3039.5263913613726), np.float64(6617.3607757073305), np.float64(4393.6964642220455), np.float64(8154.778510070111), np.float64(3854.9357797179623), np.float64(9378.446645191972), np.float64(0.0), np.float64(8136.86076035536), np.float64(4675.381131093889)]\n",
            "[np.float64(5819.814598389157), np.float64(9868.788008069867), np.float64(1580.2210114090758), np.float64(5801.650543911371), np.float64(3335.3941384615473), np.float64(5552.352571513188), np.float64(2228.234696607059), np.float64(8136.86076035536), np.float64(0.0), np.float64(3775.4599264300246)]\n",
            "[np.float64(2489.3492244120157), np.float64(6095.306273789904), np.float64(2199.3468336841192), np.float64(2323.171218876107), np.float64(3629.2793430888873), np.float64(3735.0130606168027), np.float64(4708.078096231928), np.float64(4675.381131093889), np.float64(3775.4599264300246), np.float64(0.0)]\n",
            "Greedy algorithm solution.\n",
            "Target function: 29898.252335338242\n",
            "Sequence: 0->7->1->3->9->2->8->6->4->5->0\n",
            "--------------------\n",
            "Exact algorithm solution.\n",
            "[0, 0, 0, 0, 0, 0, 0, 1, 0, 0]\n",
            "[0, 0, 0, 1, 0, 0, 0, 0, 0, 0]\n",
            "[0, 0, 0, 0, 0, 0, 0, 0, 0, 1]\n",
            "[0, 0, 0, 0, 1, 0, 0, 0, 0, 0]\n",
            "[0, 0, 0, 0, 0, 0, 1, 0, 0, 0]\n",
            "[1, 0, 0, 0, 0, 0, 0, 0, 0, 0]\n",
            "[0, 0, 0, 0, 0, 0, 0, 0, 1, 0]\n",
            "[0, 1, 0, 0, 0, 0, 0, 0, 0, 0]\n",
            "[0, 0, 1, 0, 0, 0, 0, 0, 0, 0]\n",
            "[0, 0, 0, 0, 0, 1, 0, 0, 0, 0]\n",
            "Iterations: 5\n",
            "Target function: 28508.0827369951\n",
            "Sequence: 0->7->1->3->4->6->8->2->9->5->0\n",
            "--------------------\n"
          ]
        }
      ],
      "source": [
        "def get_sequence(matrix):\n",
        "    iterations = 0\n",
        "    index = 0\n",
        "    sequence = [index]\n",
        "    while iterations != len(matrix):\n",
        "        for j in range(0, len(matrix)):\n",
        "            if matrix[index][j] == 1:\n",
        "                sequence.append(j)\n",
        "                index = j\n",
        "                break\n",
        "        iterations += 1\n",
        "    return sequence\n",
        "\n",
        "\n",
        "def solve_tsp_problem(adj_matrix, method='exact'):\n",
        "    if method == 'greedy':\n",
        "        print('Greedy algorithm solution.')\n",
        "        check = [[i, 0] for i in range(0, len(adj_matrix))]\n",
        "\n",
        "        start_vertex = random.randint(0, len(adj_matrix) - 1)\n",
        "        curr = start_vertex\n",
        "        check[start_vertex][1] = 1\n",
        "        num_of_unchecked = len(check) - 1\n",
        "        objective_value = 0\n",
        "        seq = [start_vertex]\n",
        "        while num_of_unchecked > 0:\n",
        "            minn = float('inf')\n",
        "            index = -1\n",
        "            for j in range(0, len(adj_matrix)):\n",
        "                if check[j][1] == 0 and adj_matrix[curr][j] < minn:\n",
        "                    minn = adj_matrix[curr][j]\n",
        "                    index = j\n",
        "            objective_value += minn\n",
        "            seq.append(index)\n",
        "            check[index][1] = 1\n",
        "            num_of_unchecked -= 1\n",
        "            curr = index\n",
        "        seq.append(start_vertex)\n",
        "        objective_value += adj_matrix[curr][start_vertex]\n",
        "\n",
        "        print(f'Target function: {objective_value}')\n",
        "        print(f'Sequence: {\"->\".join(map(str, seq))}')\n",
        "        print('--------------------')\n",
        "        return objective_value, seq\n",
        "\n",
        "    else:\n",
        "        print('Exact algorithm solution.')\n",
        "        m = cp_model.CpModel()\n",
        "\n",
        "        # all vars\n",
        "        variables = []\n",
        "        for i in range(0, len(adj_matrix)):\n",
        "            v = []\n",
        "            for j in range(0, len(adj_matrix)):\n",
        "                x = m.new_bool_var(f'x_{i},{j}')\n",
        "                v.append(x)\n",
        "            variables.append(v)\n",
        "\n",
        "        # diagonal elements are zeros\n",
        "        for i in range(0, len(adj_matrix)):\n",
        "            m.add(variables[i][i] == 0)\n",
        "\n",
        "        # one 1 in each row\n",
        "        for i in range(0, len(adj_matrix)):\n",
        "            constraints = sum([variables[i][j] for j in range(0, len(adj_matrix))])\n",
        "            #print(constraints)\n",
        "            m.add(constraints == 1)\n",
        "\n",
        "        # one 1 in each column\n",
        "        for j in range(0, len(adj_matrix)):\n",
        "            constraints = sum([variables[i][j] for i in range(0, len(adj_matrix))])\n",
        "            #print(constraints)\n",
        "            m.add(constraints == 1)\n",
        "\n",
        "        # function to minimize\n",
        "        opt_func = sum(variables[i][j] * adj_matrix[i][j] for i in range(0, len(adj_matrix)) for j in range(0, len(adj_matrix)))\n",
        "\n",
        "        m.minimize(opt_func)\n",
        "        solver = cp_model.CpSolver()\n",
        "        status = solver.solve(m)\n",
        "\n",
        "        # current matrix\n",
        "        current = []\n",
        "        for i in range(0, len(adj_matrix)):\n",
        "            cur = []\n",
        "            for j in range(0, len(adj_matrix)):\n",
        "                cur.append(solver.value(variables[i][j]))\n",
        "            current.append(cur)\n",
        "\n",
        "        iterations = 0\n",
        "\n",
        "        # while num of connected components > 1: add constraints\n",
        "        while len(list(nx.connected_components(nx.from_numpy_array(np.array(current))))) > 1 and iterations < 100:\n",
        "            subtours = list(nx.connected_components(nx.from_numpy_array(np.array(current))))\n",
        "            iterations += 1\n",
        "            minn = len(adj_matrix) + 1\n",
        "            index = -1\n",
        "            for i in range(0, len(subtours)):\n",
        "                if len(subtours[i]) < minn:\n",
        "                    minn = len(subtours[i])\n",
        "                    index = i\n",
        "            combinations = list(it.combinations(subtours[index], 2))\n",
        "            constraint = sum([variables[i][j] + variables[j][i] for i, j in combinations])\n",
        "            m.add(constraint <= minn - 1)\n",
        "\n",
        "            status = solver.solve(m)\n",
        "\n",
        "            current = []\n",
        "            for i in range(0, len(adj_matrix)):\n",
        "                cur = []\n",
        "                for j in range(0, len(adj_matrix)):\n",
        "                    cur.append(solver.value(variables[i][j]))\n",
        "                current.append(cur)\n",
        "\n",
        "        for cur in current:\n",
        "            print(cur)\n",
        "\n",
        "        seq = get_sequence(current)\n",
        "        print(f'Iterations: {iterations}')\n",
        "        print(f'Target function: {solver.objective_value}')\n",
        "        print(f'Sequence: {\"->\".join(map(str, seq))}')\n",
        "        print('--------------------')\n",
        "        return solver.objective_value, seq\n",
        "\n",
        "\n",
        "if __name__ == '__main__':\n",
        "    a = generate_data_tsp(10)\n",
        "    for i in a:\n",
        "        print(i)\n",
        "    solve_tsp_problem(a, 'greedy')\n",
        "    solve_tsp_problem(a)\n"
      ]
    }
  ],
  "metadata": {
    "colab": {
      "provenance": []
    },
    "kernelspec": {
      "display_name": "Python 3",
      "name": "python3"
    },
    "language_info": {
      "codemirror_mode": {
        "name": "ipython",
        "version": 3
      },
      "file_extension": ".py",
      "mimetype": "text/x-python",
      "name": "python",
      "nbconvert_exporter": "python",
      "pygments_lexer": "ipython3",
      "version": "3.11.4"
    }
  },
  "nbformat": 4,
  "nbformat_minor": 0
}
